6.616957783699035645e-01
7.212253212928771973e-01
7.174502015113830566e-01
7.642958164215087891e-01
6.503711342811584473e-01
7.065345048904418945e-01
6.612465977668762207e-01
7.259178757667541504e-01
7.007424235343933105e-01
6.653616428375244141e-01
6.987378597259521484e-01
7.012829184532165527e-01
6.638121604919433594e-01
7.039554119110107422e-01
7.181897163391113281e-01
7.636122703552246094e-01
6.323831081390380859e-01
6.729513406753540039e-01
5.720119476318359375e-01
6.991174221038818359e-01
7.008111476898193359e-01
7.489709258079528809e-01
7.191155552864074707e-01
6.476245522499084473e-01
7.255876660346984863e-01
7.066050767898559570e-01
7.440736889839172363e-01
6.542665362358093262e-01
7.261725664138793945e-01
7.028133869171142578e-01
6.049169301986694336e-01
6.334133148193359375e-01
6.354017853736877441e-01
6.361028552055358887e-01
6.425072550773620605e-01
7.287988066673278809e-01
6.818302273750305176e-01
7.110596299171447754e-01
6.364504694938659668e-01
6.918652653694152832e-01
7.384452223777770996e-01
6.769410371780395508e-01
6.222279667854309082e-01
7.274157404899597168e-01
7.330003976821899414e-01
6.629999876022338867e-01
6.826449036598205566e-01
7.197152376174926758e-01
6.718661785125732422e-01
6.493265032768249512e-01
6.684957146644592285e-01
6.719547510147094727e-01
5.839452147483825684e-01
7.182002067565917969e-01
6.773607730865478516e-01
6.574599742889404297e-01
