-7.056291699409484863e-01
-6.917265653610229492e-01
-6.324999332427978516e-01
-6.734570860862731934e-01
-7.198796868324279785e-01
-7.075244188308715820e-01
-6.960188150405883789e-01
-6.594778895378112793e-01
-6.481877565383911133e-01
-7.348196506500244141e-01
-6.831036806106567383e-01
-6.980383992195129395e-01
-7.106543183326721191e-01
-6.322826147079467773e-01
-7.066509723663330078e-01
-8.572201728820800781e-01
-7.109482884407043457e-01
-6.862583756446838379e-01
-7.435718178749084473e-01
-6.962945461273193359e-01
-7.331265211105346680e-01
-6.887453198432922363e-01
-7.405270934104919434e-01
-7.137827277183532715e-01
-7.078931927680969238e-01
-6.452887654304504395e-01
-7.186108827590942383e-01
-7.095261216163635254e-01
-6.829578280448913574e-01
-7.006246447563171387e-01
-6.746309995651245117e-01
-7.127788662910461426e-01
-7.354528307914733887e-01
-6.979054212570190430e-01
-7.211576104164123535e-01
-9.065281152725219727e-01
-6.284962892532348633e-01
-6.170529127120971680e-01
-6.823674440383911133e-01
-6.747427582740783691e-01
-6.598111987113952637e-01
-7.098820805549621582e-01
-7.696331143379211426e-01
-6.726472377777099609e-01
-6.906486749649047852e-01
-5.969232320785522461e-01
-6.753533482551574707e-01
-6.992161870002746582e-01
-7.078261971473693848e-01
-7.398586273193359375e-01
-7.241059541702270508e-01
-6.122997403144836426e-01
-6.675180196762084961e-01
-6.769111752510070801e-01
-7.192204594612121582e-01
-7.040043473243713379e-01
